0	73
1	2
2	0
3	2
4	14
5	38
6	32
7	26
8	38
9	31
10	33
11	29
12	48
13	200
14	1791
15	2631
16	2479
17	2714
18	3153
19	4113
20	5249
21	5961
22	5156
23	5032
24	5347
25	5539
26	5798
27	5861
28	6084
29	5928
30	5978
31	5839
32	5802
33	5551
34	5539
35	5516
36	5291
37	5379
38	5574
39	5387
40	5535
41	5485
42	5365
43	5383
44	5425
45	5500
46	5540
47	5324
48	5403
49	5341
50	5279
51	5371
52	5408
53	5328
54	5354
55	5272
56	5403
57	5256
58	5463
59	5435
60	5344
61	5451
62	5566
63	5584
64	5606
65	5621
66	5865
67	5994
68	6066
69	6272
70	6631
71	7019
72	7239
73	7536
74	7604
75	7967
76	7990
77	7905
78	7621
79	7449
80	7254
81	7035
82	6780
83	6565
84	6716
85	6403
86	6400
87	6377
88	6247
89	6099
90	5902
91	5820
92	5769
93	5630
94	5527
95	5441
96	5400
97	5354
98	5284
99	5271
100	5240
101	5378
102	5175
103	5249
104	5288
105	5251
106	5242
107	5273
108	5304
109	5323
110	5398
111	5199
112	5228
113	5258
114	5284
115	5267
116	5443
117	5271
118	5486
119	5329
120	5454
121	5499
122	5473
123	5432
124	5530
125	5543
126	5466
127	5412
128	5515
129	5533
130	5572
131	5566
132	5495
133	5672
134	5618
135	5484
136	5592
137	5691
138	5757
139	5659
140	5777
141	5859
142	5826
143	5970
144	5775
145	5791
146	5844
147	5743
148	5891
149	5783
150	5897
151	5809
152	5766
153	5766
154	5763
155	5762
156	5770
157	5777
158	5878
159	5733
160	5811
161	5778
162	5839
163	5731
164	5784
165	5775
166	5788
167	5750
168	5980
169	6003
170	6062
171	5927
172	5960
173	5764
174	6099
175	5938
176	6036
177	5982
178	6108
179	5993
180	6059
181	6296
182	6360
183	6371
184	6331
185	6556
186	6633
187	6694
188	6870
189	7046
190	7236
191	7452
192	7715
193	7767
194	8103
195	8401
196	8711
197	8781
198	9024
199	9119
200	9604
201	9550
202	10050
203	9962
204	10189
205	10362
206	10256
207	10105
208	10363
209	10105
210	10243
211	10073
212	10091
213	10170
214	9987
215	9794
216	9784
217	9916
218	9563
219	9650
220	9421
221	9428
222	9224
223	9235
224	9099
225	9085
226	9025
227	8961
228	8746
229	8669
230	8621
231	8538
232	8549
233	8476
234	8554
235	8218
236	8281
237	8288
238	8109
239	7972
240	7919
241	8032
242	7703
243	7753
244	7751
245	7872
246	7691
247	7474
248	7657
249	7550
250	7693
251	7502
252	7506
253	7373
254	7312
255	7386
256	7358
257	7136
258	7098
259	7285
260	7077
261	6994
262	7002
263	7112
264	7067
265	7122
266	6947
267	7019
268	6919
269	6950
270	7006
271	7149
272	7122
273	6909
274	6880
275	6925
276	6933
277	6743
278	6809
279	6792
280	6711
281	6697
282	6649
283	6633
284	6744
285	6413
286	6592
287	6372
288	6423
289	6278
290	6449
291	6221
292	6388
293	6279
294	6236
295	6045
296	6210
297	6164
298	6156
299	6267
300	6003
301	6065
302	5972
303	5935
304	5967
305	6044
306	5937
307	6033
308	5935
309	5909
310	5992
311	5861
312	5930
313	5903
314	5782
315	5956
316	5917
317	5798
318	5919
319	5739
320	5811
321	5798
322	5922
323	5786
324	5772
325	5730
326	5714
327	5827
328	5889
329	5749
330	5739
331	5730
332	5588
333	5948
334	5800
335	5683
336	5622
337	5723
338	5625
339	5654
340	5712
341	5643
342	5698
343	5716
344	5622
345	5578
346	5707
347	5732
348	5793
349	5550
350	5571
351	5659
352	5743
353	5634
354	5608
355	5650
356	5764
357	5718
358	5636
359	5643
360	5694
361	5729
362	5596
363	5700
364	5768
365	5691
366	5581
367	5533
368	5724
369	5581
370	5718
371	5618
372	5568
373	5713
374	5619
375	5720
376	5691
377	5678
378	5542
379	5596
380	5612
381	5675
382	5562
383	5467
384	5538
385	5650
386	5731
387	5582
388	5582
389	5705
390	5589
391	5529
392	5656
393	5640
394	5709
395	5535
396	5581
397	5683
398	5553
399	5573
400	5690
401	5743
402	5710
403	5720
404	5764
405	5819
406	5596
407	5581
408	5636
409	5908
410	5701
411	5635
412	5764
413	5842
414	5679
415	5616
416	5768
417	5850
418	5755
419	5887
420	5809
421	5757
422	5860
423	5870
424	5826
425	5793
426	5707
427	5844
428	5787
429	5894
430	5799
431	5845
432	5863
433	5840
434	5769
435	5829
436	5810
437	5949
438	5777
439	5782
440	5816
441	5811
442	5869
443	5917
444	5762
445	5660
446	5926
447	5693
448	5793
449	5961
450	5827
451	5907
452	5842
453	5914
454	5795
455	5896
456	5948
457	5925
458	5776
459	5850
460	5952
461	5871
462	5812
463	5943
464	5937
465	5948
466	5993
467	5928
468	6082
469	5818
470	5995
471	6030
472	5910
473	5902
474	6053
475	5914
476	6026
477	6067
478	6068
479	5975
480	6006
481	6115
482	6168
483	5999
484	6146
485	6058
486	6207
487	6058
488	5918
489	6132
490	6110
491	6143
492	6107
493	6303
494	6132
495	6255
496	5976
497	6160
498	6057
499	6222
500	6175
501	6084
502	6149
503	6281
504	6182
505	6268
506	6204
507	6236
508	6262
509	6243
510	6309
511	6268
512	6319
513	6362
514	6099
515	6202
516	6331
517	6239
518	6266
519	6317
520	6236
521	6206
522	6268
523	6278
524	6271
525	6263
526	6278
527	6210
528	6312
529	6447
530	6353
531	6360
532	6461
533	6348
534	6331
535	6240
536	6380
537	6428
538	6299
539	6418
540	6474
541	6515
542	6452
543	6383
544	6303
545	6466
546	6538
547	6464
548	6536
549	6477
550	6518
551	6356
552	6457
553	6495
554	6541
555	6435
556	6556
557	6476
558	6508
559	6484
560	6526
561	6681
562	6521
563	6625
564	6618
565	6714
566	6661
567	6602
568	6660
569	6675
570	6732
571	6871
572	6725
573	6700
574	6557
575	6762
576	6703
577	6780
578	6817
579	6697
580	7000
581	6897
582	6700
583	6610
584	6937
585	6844
586	6784
587	6873
588	6825
589	6875
590	6926
591	6822
592	7011
593	6975
594	7125
595	6912
596	6979
597	7141
598	7010
599	7119
600	7096
601	7158
602	7122
603	7165
604	7024
605	7101
606	7100
607	7085
608	7234
609	7232
610	7311
611	7377
612	7122
613	7382
614	7354
615	7316
616	7333
617	7449
618	7349
619	7426
620	7431
621	7549
622	7423
623	7530
624	7433
625	7509
626	7611
627	7576
628	7680
629	7789
630	7687
631	7798
632	7727
633	7902
634	7746
635	7728
636	7685
637	7953
638	7864
639	7745
640	7959
641	7999
642	7928
643	7994
644	7877
645	7828
646	7897
647	8009
648	8151
649	8154
650	8108
651	7993
652	8095
653	8023
654	8240
655	8032
656	8153
657	8045
658	8223
659	8253
660	8115
661	8303
662	8359
663	8300
664	8059
665	8223
666	8470
667	8197
668	8401
669	8354
670	8607
671	8323
672	8383
673	8594
674	8379
675	8273
676	8487
677	8428
678	8576
679	8316
680	8343
681	8411
682	8519
683	8385
684	8431
685	8338
686	8069
687	8113
688	8049
689	8121
690	7960
691	7922
692	7976
693	7720
694	7535
695	7646
696	7544
697	7663
698	7457
699	7337
700	7247
701	7393
702	7393
703	6943
704	6999
705	6936
706	6786
707	6758
708	6674
709	6521
710	6622
711	6342
712	6309
713	6426
714	6317
715	6296
716	6186
717	6101
718	6161
719	6040
720	5864
721	5937
722	5943
723	5827
724	5842
725	5776
726	5804
727	5714
728	5684
729	5685
730	5598
731	5676
732	5626
733	5589
734	5642
735	5528
736	5586
737	5640
738	5664
739	5553
740	5454
741	5498
742	5496
743	5424
744	5462
745	5632
746	5569
747	5613
748	5398
749	5426
750	5519
751	5317
752	5377
753	5390
754	5440
755	5405
756	5212
757	5380
758	5374
759	5253
760	5393
761	5450
762	5202
763	5277
764	5256
765	5360
766	5224
767	5313
768	5216
769	5191
770	5270
771	5244
772	5048
773	5144
774	5033
775	4929
776	4970
777	4938
778	4753
779	4849
780	4685
781	4826
782	4676
783	4634
784	4464
785	4392
786	4560
787	4377
788	4431
789	4392
790	4330
791	4315
792	4435
793	4615
794	4610
795	4696
796	4812
797	4904
798	5093
799	5451
800	5607
801	5838
802	6014
803	6257
804	6626
805	7242
806	7635
807	8128
808	8572
809	8892
810	9509
811	10201
812	10662
813	11227
814	11820
815	12447
816	12978
817	13590
818	14090
819	14759
820	15361
821	15899
822	16100
823	16525
824	17173
825	17329
826	17410
827	17569
828	18060
829	17979
830	17732
831	17623
832	17452
833	17446
834	17171
835	16938
836	16133
837	16041
838	15359
839	15018
840	14230
841	13570
842	12984
843	12368
844	11805
845	11296
846	10543
847	9946
848	9082
849	8521
850	8066
851	7452
852	6850
853	6324
854	5789
855	5296
856	4797
857	4511
858	4032
859	3751
860	3488
861	3260
862	2930
863	2786
864	2486
865	2333
866	2139
867	2014
868	1949
869	1811
870	1804
871	1639
872	1654
873	1600
874	1663
875	1768
876	1727
877	1827
878	1849
879	1825
880	2029
881	2128
882	2296
883	2459
884	2611
885	2837
886	3028
887	3248
888	3442
889	3937
890	4193
891	4643
892	4912
893	5387
894	5729
895	6262
896	6694
897	7097
898	7635
899	8000
900	8632
901	8998
902	9571
903	9764
904	10576
905	11110
906	11581
907	12240
908	12255
909	12569
910	13163
911	13549
912	13835
913	13998
914	14045
915	14136
916	14110
917	14250
918	14091
919	14065
920	13814
921	13596
922	13301
923	13078
924	12802
925	12454
926	12117
927	11648
928	11218
929	10780
930	10184
931	9712
932	9097
933	8593
934	8092
935	7615
936	7129
937	6851
938	6224
939	5801
940	5474
941	4983
942	4613
943	4295
944	3902
945	3582
946	3191
947	2964
948	2744
949	2552
950	2457
951	2194
952	2030
953	1853
954	1731
955	1521
956	1461
957	1429
958	1306
959	1251
960	1225
961	1100
962	1040
963	986
964	992
965	1040
966	957
967	898
968	917
969	889
970	875
971	902
972	952
973	823
974	861
975	838
976	827
977	762
978	818
979	819
980	773
981	742
982	797
983	766
984	777
985	779
986	753
987	819
988	762
989	745
990	785
991	747
992	718
993	763
994	755
995	704
996	773
997	731
998	752
999	767
1000	707
1001	746
1002	712
1003	690
1004	709
1005	704
1006	737
1007	683
1008	698
1009	734
1010	686
1011	684
1012	719
1013	700
1014	699
1015	689
1016	690
1017	711
1018	662
1019	685
1020	701
1021	580
1022	723
1023	723
