0	0
1	0
2	0
3	0
4	0
5	0
6	0
7	0
8	2
9	1
10	0
11	2
12	3
13	16
14	65
15	410
16	912
17	1071
18	1215
19	1540
20	1681
21	1865
22	2287
23	2796
24	3503
25	4996
26	7046
27	10179
28	13809
29	16728
30	17645
31	16936
32	14988
33	12012
34	9383
35	7290
36	5719
37	4419
38	3396
39	2731
40	2423
41	2114
42	1890
43	1795
44	1778
45	1654
46	1673
47	1657
48	1631
49	1605
50	1605
51	1629
52	1559
53	1608
54	1623
55	1651
56	1627
57	1748
58	1707
59	1700
60	1722
61	1783
62	1710
63	1740
64	1792
65	1801
66	1808
67	1913
68	1964
69	2160
70	2116
71	2299
72	2253
73	2281
74	2205
75	2241
76	2257
77	2162
78	2051
79	1991
80	1967
81	1942
82	1996
83	1894
84	1868
85	1886
86	1837
87	1762
88	1721
89	1721
90	1715
91	1652
92	1647
93	1611
94	1615
95	1543
96	1604
97	1602
98	1563
99	1592
100	1573
101	1556
102	1612
103	1590
104	1547
105	1609
106	1612
107	1671
108	1641
109	1662
110	1625
111	1623
112	1619
113	1637
114	1661
115	1667
116	1576
117	1631
118	1643
119	1663
120	1725
121	1688
122	1641
123	1558
124	1755
125	1687
126	1639
127	1727
128	1633
129	1680
130	1715
131	1661
132	1651
133	1678
134	1637
135	1596
136	1632
137	1633
138	1643
139	1679
140	1674
141	1605
142	1675
143	1597
144	1605
145	1736
146	1619
147	1702
148	1698
149	1685
150	1731
151	1778
152	1735
153	1655
154	1750
155	1716
156	1757
157	1741
158	1787
159	1879
160	1905
161	1879
162	1903
163	2038
164	2015
165	2155
166	2271
167	2273
168	2406
169	2464
170	2529
171	2635
172	2599
173	2704
174	2721
175	2784
176	2857
177	2852
178	2815
179	2769
180	2706
181	2739
182	2768
183	2637
184	2803
185	2771
186	2644
187	2679
188	2599
189	2532
190	2530
191	2629
192	2537
193	2488
194	2412
195	2380
196	2357
197	2340
198	2220
199	2255
200	2216
201	2234
202	2260
203	2207
204	2220
205	2157
206	2129
207	2116
208	2072
209	2148
210	2051
211	2028
212	2031
213	1957
214	1992
215	1930
216	1976
217	1920
218	2009
219	1867
220	1917
221	1904
222	1846
223	1849
224	1943
225	1781
226	1778
227	1745
228	1817
229	1849
230	1866
231	1807
232	1892
233	1713
234	1751
235	1850
236	1702
237	1796
238	1774
239	1738
240	1703
241	1752
242	1804
243	1653
244	1697
245	1617
246	1696
247	1684
248	1683
249	1656
250	1660
251	1651
252	1656
253	1677
254	1648
255	1621
256	1638
257	1649
258	1651
259	1621
260	1609
261	1667
262	1599
263	1551
264	1599
265	1628
266	1681
267	1570
268	1622
269	1558
270	1566
271	1612
272	1469
273	1517
274	1591
275	1574
276	1580
277	1545
278	1513
279	1608
280	1533
281	1534
282	1530
283	1506
284	1648
285	1540
286	1561
287	1563
288	1517
289	1575
290	1510
291	1563
292	1555
293	1495
294	1569
295	1573
296	1532
297	1546
298	1505
299	1506
300	1557
301	1575
302	1499
303	1494
304	1507
305	1522
306	1525
307	1516
308	1510
309	1583
310	1404
311	1594
312	1552
313	1518
314	1498
315	1511
316	1532
317	1563
318	1590
319	1459
320	1560
321	1565
322	1567
323	1531
324	1498
325	1619
326	1559
327	1573
328	1526
329	1656
330	1595
331	1578
332	1615
333	1592
334	1574
335	1569
336	1495
337	1635
338	1623
339	1666
340	1575
341	1627
342	1577
343	1597
344	1706
345	1572
346	1598
347	1696
348	1711
349	1656
350	1605
351	1599
352	1720
353	1605
354	1645
355	1712
356	1688
357	1675
358	1667
359	1713
360	1688
361	1665
362	1694
363	1616
364	1630
365	1625
366	1657
367	1685
368	1552
369	1621
370	1621
371	1543
372	1501
373	1536
374	1479
375	1437
376	1388
377	1367
378	1358
379	1302
380	1239
381	1235
382	1208
383	1131
384	1034
385	995
386	983
387	912
388	875
389	924
390	846
391	815
392	757
393	701
394	723
395	652
396	607
397	615
398	569
399	551
400	552
401	513
402	498
403	462
404	455
405	473
406	440
407	434
408	416
409	446
410	432
411	410
412	421
413	352
414	371
415	391
416	340
417	345
418	327
419	322
420	319
421	294
422	320
423	317
424	286
425	267
426	270
427	294
428	251
429	262
430	252
431	244
432	234
433	245
434	220
435	239
436	238
437	229
438	226
439	231
440	206
441	241
442	203
443	234
444	208
445	206
446	203
447	200
448	204
449	232
450	211
451	183
452	201
453	197
454	207
455	199
456	174
457	205
458	215
459	207
460	197
461	224
462	188
463	199
464	203
465	194
466	195
467	233
468	214
469	211
470	225
471	258
472	291
473	299
474	310
475	385
476	411
477	506
478	522
479	602
480	727
481	795
482	977
483	1131
484	1213
485	1485
486	1672
487	1922
488	2286
489	2581
490	2775
491	3258
492	3642
493	4152
494	4571
495	5065
496	5572
497	6065
498	6419
499	7115
500	7386
501	8148
502	8692
503	9064
504	9552
505	9861
506	10161
507	10441
508	10508
509	10709
510	10721
511	10894
512	10728
513	10484
514	10273
515	10095
516	9734
517	9327
518	8852
519	8427
520	7818
521	7644
522	6913
523	6355
524	5743
525	5184
526	4854
527	4235
528	3752
529	3330
530	2907
531	2535
532	2213
533	1882
534	1567
535	1305
536	1106
537	1013
538	795
539	673
540	554
541	448
542	371
543	315
544	258
545	206
546	151
547	122
548	86
549	90
550	70
551	58
552	32
553	42
554	31
555	25
556	31
557	21
558	19
559	10
560	16
561	13
562	13
563	8
564	9
565	13
566	17
567	12
568	9
569	11
570	15
571	12
572	12
573	7
574	15
575	19
576	22
577	13
578	11
579	7
580	9
581	10
582	7
583	13
584	7
585	14
586	13
587	11
588	9
589	7
590	10
591	11
592	11
593	11
594	15
595	10
596	9
597	9
598	12
599	14
600	8
601	10
602	6
603	7
604	12
605	10
606	11
607	10
608	11
609	9
610	12
611	5
612	8
613	11
614	8
615	12
616	4
617	8
618	9
619	10
620	15
621	9
622	11
623	14
624	14
625	11
626	6
627	9
628	10
629	7
630	11
631	8
632	11
633	9
634	6
635	7
636	8
637	7
638	10
639	9
640	10
641	7
642	7
643	7
644	7
645	8
646	16
647	10
648	11
649	4
650	10
651	10
652	12
653	15
654	11
655	6
656	6
657	9
658	14
659	9
660	5
661	12
662	4
663	10
664	1
665	8
666	10
667	8
668	15
669	7
670	7
671	6
672	8
673	7
674	13
675	10
676	8
677	10
678	11
679	10
680	5
681	9
682	6
683	6
684	11
685	6
686	7
687	8
688	15
689	12
690	5
691	13
692	9
693	6
694	9
695	9
696	13
697	10
698	5
699	8
700	7
701	7
702	6
703	7
704	8
705	8
706	3
707	6
708	10
709	9
710	9
711	5
712	11
713	6
714	6
715	6
716	10
717	8
718	5
719	7
720	4
721	6
722	7
723	3
724	3
725	9
726	7
727	9
728	8
729	5
730	7
731	7
732	9
733	9
734	4
735	6
736	9
737	5
738	5
739	7
740	7
741	10
742	6
743	7
744	3
745	5
746	7
747	3
748	10
749	7
750	6
751	8
752	7
753	7
754	7
755	2
756	6
757	7
758	9
759	2
760	5
761	9
762	2
763	8
764	7
765	4
766	5
767	4
768	9
769	5
770	5
771	7
772	6
773	6
774	7
775	5
776	7
777	3
778	5
779	6
780	5
781	5
782	8
783	8
784	4
785	6
786	2
787	8
788	4
789	6
790	7
791	2
792	5
793	5
794	7
795	9
796	7
797	11
798	5
799	6
800	8
801	4
802	2
803	4
804	9
805	4
806	5
807	7
808	4
809	5
810	3
811	7
812	5
813	7
814	6
815	5
816	9
817	7
818	5
819	10
820	6
821	2
822	5
823	2
824	4
825	12
826	3
827	5
828	6
829	2
830	7
831	4
832	8
833	5
834	3
835	6
836	5
837	5
838	3
839	3
840	5
841	9
842	0
843	5
844	6
845	1
846	3
847	2
848	4
849	3
850	5
851	6
852	3
853	4
854	3
855	4
856	3
857	2
858	0
859	3
860	0
861	2
862	2
863	1
864	3
865	3
866	4
867	5
868	2
869	4
870	2
871	2
872	4
873	3
874	2
875	3
876	3
877	6
878	3
879	4
880	0
881	0
882	3
883	4
884	3
885	4
886	5
887	3
888	0
889	3
890	4
891	1
892	1
893	2
894	2
895	4
896	4
897	4
898	3
899	2
900	4
901	4
902	3
903	3
904	4
905	3
906	3
907	3
908	3
909	2
910	6
911	4
912	2
913	5
914	2
915	1
916	0
917	2
918	0
919	7
920	0
921	2
922	7
923	2
924	3
925	7
926	5
927	6
928	3
929	3
930	4
931	5
932	4
933	10
934	7
935	3
936	4
937	3
938	4
939	8
940	4
941	12
942	5
943	5
944	4
945	10
946	10
947	12
948	7
949	5
950	5
951	5
952	5
953	6
954	3
955	5
956	8
957	9
958	5
959	7
960	10
961	3
962	3
963	4
964	4
965	4
966	5
967	3
968	9
969	5
970	10
971	3
972	6
973	6
974	3
975	3
976	7
977	3
978	5
979	6
980	5
981	4
982	3
983	3
984	2
985	1
986	4
987	3
988	3
989	2
990	2
991	2
992	1
993	2
994	0
995	4
996	1
997	0
998	1
999	1
1000	1
1001	0
1002	1
1003	0
1004	2
1005	4
1006	0
1007	2
1008	2
1009	0
1010	3
1011	1
1012	3
1013	0
1014	0
1015	2
1016	2
1017	1
1018	2
1019	1
1020	0
1021	1
1022	3
1023	3
