0		3756
1		204
2		214
3		267
4		293
5		326
6		369
7		436
8		576
9		768
10		553
11		537
12		641
13		1168
14		14033
15		246261
16		1990078
17		6679708
18		9015280
19		8673293
20		15490256
21		7399790
22		7183061
23		11247234
24		5298025
25		4806126
26		4609183
27		4652077
28		4727066
29		4965095
30		5164560
31		5401053
32		5813827
33		6288939
34		6692083
35		7225640
36		7771480
37		8570432
38		9808948
39		12052232
40		13460678
41		14784769
42		16708832
43		3867324
44		15867906
45		6583418
46		15441672
47		12279317
48		12972880
49		16028278
50		10251687
51		4753770
52		16597398
53		4190253
54		1433590
55		15504539
56		3004482
57		348237
58		98650
59		1399730
60		3304154
61		6525964
62		9467971
63		15963848
64		197340
65		12070239
66		4740058
67		15050498
68		14712753
69		3618431
70		11195173
71		11427514
72		1044572
73		119402
74		86158
75		86648
76		83213
77		70984
78		48716
79		30893
80		20168
81		15489
82		13598
83		12860
84		12460
85		12619
86		12270
87		12195
88		12225
89		12257
90		12174
91		12482
92		12286
93		12646
94		12623
95		12571
96		12683
97		12900
98		12912
99		13276
100		13169
101		13632
102		13572
103		13677
104		13890
105		14052
106		14195
107		14174
108		14356
109		14451
110		14285
111		14205
112		14447
113		14590
114		14241
115		14371
116		14403
117		14653
118		14393
119		14570
120		14507
121		14899
122		14442
123		14646
124		14768
125		14905
126		15029
127		14910
128		15264
129		15366
130		15722
131		15561
132		15512
133		16075
134		16069
135		15802
136		15934
137		16409
138		16388
139		16769
140		16632
141		16793
142		17002
143		17247
144		17257
145		17797
146		17796
147		18017
148		17996
149		18250
150		18082
151		18551
152		18826
153		19174
154		18789
155		19378
156		19475
157		19622
158		19624
159		19778
160		20122
161		20415
162		20400
163		20727
164		20590
165		20978
166		20690
167		21066
168		21140
169		21428
170		21637
171		21305
172		21795
173		21980
174		21838
175		21690
176		22010
177		22110
178		22111
179		22768
180		22233
181		22812
182		22458
183		22620
184		22761
185		23259
186		22886
187		22921
188		22892
189		23570
190		23111
191		23602
192		23445
193		23788
194		23961
195		23806
196		23736
197		23799
198		24021
199		23687
200		24043
201		24082
202		23725
203		24565
204		24051
205		24185
206		24351
207		24139
208		24117
209		24525
210		24425
211		24532
212		24251
213		24585
214		24568
215		24283
216		24272
217		24788
218		24624
219		24643
220		24391
221		24640
222		24569
223		24147
224		24448
225		24790
226		24620
227		24616
228		24517
229		24704
230		24450
231		24349
232		24497
233		24511
234		24378
235		24504
236		24227
237		24650
238		24485
239		24274
240		24306
241		24545
242		24431
243		24567
244		24523
245		24199
246		24035
247		24151
248		23920
249		24298
250		23580
251		24118
252		23859
253		23891
254		23918
255		23624
256		23765
257		23968
258		23784
259		23652
260		23496
261		23634
262		23791
263		23668
264		23617
265		23512
266		23524
267		23424
268		23140
269		23347
270		22883
271		22940
272		22903
273		23043
274		22738
275		23110
276		22851
277		23128
278		22409
279		22734
280		22492
281		22682
282		22343
283		22567
284		22202
285		22389
286		22526
287		21872
288		22051
289		21870
290		21916
291		21772
292		22003
293		21827
294		21752
295		21676
296		21366
297		21937
298		21330
299		21375
300		21090
301		21526
302		21367
303		21059
304		21141
305		21377
306		20876
307		21336
308		21162
309		20840
310		20756
311		20937
312		20540
313		20822
314		20054
315		20632
316		20338
317		20371
318		20171
319		20160
320		19873
321		20222
322		19975
323		19776
324		19941
325		20049
326		19377
327		19739
328		19440
329		19628
330		19450
331		19782
332		19090
333		19557
334		18922
335		19236
336		18773
337		19092
338		19261
339		18994
340		18723
341		18730
342		18800
343		18610
344		18581
345		18555
346		18608
347		18474
348		18074
349		18443
350		18149
351		18137
352		18234
353		18062
354		18165
355		18045
356		17804
357		18017
358		17648
359		17596
360		17440
361		17766
362		17385
363		17597
364		17475
365		17549
366		17164
367		17423
368		17277
369		17020
370		17037
371		17257
372		16798
373		16890
374		16569
375		16579
376		16623
377		16585
378		16551
379		16478
380		16263
381		16467
382		16360
383		16176
384		16304
385		15917
386		15881
387		16061
388		16010
389		16252
390		15913
391		15775
392		15527
393		15875
394		15329
395		15621
396		15560
397		15400
398		15374
399		15159
400		15090
401		15177
402		14980
403		14989
404		15116
405		14846
406		14914
407		14963
408		14684
409		14798
410		14685
411		14606
412		14494
413		14288
414		14339
415		14288
416		14257
417		14353
418		14254
419		14240
420		14185
421		14109
422		14149
423		13535
424		13872
425		13870
426		13508
427		13906
428		13450
429		13617
430		13617
431		13378
432		13640
433		13583
434		13467
435		13289
436		13289
437		13294
438		13220
439		13082
440		13023
441		13110
442		12828
443		13069
444		12965
445		12935
446		12926
447		12719
448		12579
449		12641
450		12500
451		12555
452		12555
453		12553
454		12659
455		12189
456		12230
457		12400
458		12223
459		12156
460		12173
461		12173
462		12126
463		11866
464		11888
465		11883
466		11833
467		12075
468		11703
469		11736
470		11689
471		11698
472		11780
473		11604
474		11468
475		11610
476		11453
477		11546
478		11346
479		11126
480		11033
481		11160
482		11222
483		11188
484		11156
485		11289
486		11102
487		11082
488		10889
489		11017
490		10685
491		10942
492		10859
493		10884
494		10691
495		10543
496		10634
497		10861
498		10406
499		10334
500		10338
501		10587
502		10472
503		10473
504		10219
505		10297
506		10211
507		10465
508		10050
509		10323
510		9973
511		9986
512		9922
513		10151
514		9968
515		9956
516		9944
517		10116
518		10008
519		9883
520		9928
521		9870
522		9736
523		9590
524		9686
525		9838
526		9580
527		9749
528		9469
529		9565
530		9663
531		9350
532		9391
533		9418
534		9183
535		9194
536		9175
537		9352
538		9251
539		9163
540		9186
541		9282
542		9002
543		8747
544		8836
545		9063
546		9181
547		9030
548		8916
549		8878
550		8714
551		8667
552		8662
553		9005
554		8880
555		8739
556		8673
557		8805
558		8510
559		8510
560		8625
561		8614
562		8434
563		8401
564		8526
565		8440
566		8209
567		8416
568		8256
569		8438
570		8292
571		8295
572		8136
573		8401
574		8063
575		8115
576		8168
577		8294
578		8030
579		8166
580		8219
581		8043
582		7892
583		8029
584		7780
585		7936
586		7884
587		7929
588		7755
589		8030
590		7868
591		7814
592		7900
593		7654
594		7810
595		7760
596		7759
597		7734
598		7436
599		7610
600		7565
601		7704
602		7663
603		7532
604		7551
605		7532
606		7544
607		7245
608		7357
609		7517
610		7259
611		7512
612		7419
613		7448
614		7145
615		7169
616		7224
617		7187
618		7213
619		7238
620		7231
621		7249
622		7051
623		7031
624		6991
625		7117
626		6909
627		7158
628		6882
629		6980
630		7044
631		6967
632		6848
633		7031
634		6849
635		6909
636		6832
637		6935
638		6872
639		6619
640		6756
641		6762
642		6562
643		6656
644		6681
645		6792
646		6658
647		6507
648		6431
649		6592
650		6666
651		6579
652		6472
653		6576
654		6339
655		6466
656		6343
657		6317
658		6330
659		6263
660		6352
661		6263
662		6122
663		6318
664		6107
665		6257
666		6208
667		6038
668		6047
669		6307
670		6135
671		5924
672		5931
673		6050
674		6055
675		6087
676		5997
677		5870
678		5883
679		5733
680		5798
681		5983
682		5775
683		5845
684		5882
685		5880
686		5741
687		5603
688		5745
689		5598
690		5710
691		5623
692		5670
693		5563
694		5528
695		5443
696		5578
697		5402
698		5426
699		5430
700		5496
701		5592
702		5296
703		5249
704		5355
705		5392
706		5428
707		5281
708		5100
709		5198
710		5208
711		5154
712		5227
713		5276
714		5190
715		5140
716		5177
717		4963
718		5065
719		5007
720		4978
721		5062
722		5062
723		5127
724		4874
725		4940
726		4883
727		4979
728		4803
729		4867
730		4832
731		4969
732		4771
733		4872
734		4676
735		4585
736		4800
737		4577
738		4719
739		4657
740		4658
741		4607
742		4614
743		4571
744		4519
745		4501
746		4532
747		4652
748		4673
749		4521
750		4553
751		4423
752		4448
753		4408
754		4375
755		4469
756		4384
757		4518
758		4402
759		4355
760		4373
761		4420
762		4400
763		4427
764		4488
765		4203
766		4266
767		4165
768		4303
769		4202
770		4175
771		4217
772		4166
773		4150
774		4069
775		4121
776		4060
777		4182
778		4118
779		4099
780		3962
781		4159
782		4166
783		4064
784		4081
785		3998
786		3931
787		3895
788		3958
789		3974
790		3995
791		4053
792		3869
793		3920
794		3870
795		4032
796		3871
797		3972
798		3907
799		3817
800		3793
801		3918
802		3869
803		3766
804		3740
805		3789
806		3607
807		3744
808		3852
809		3698
810		3664
811		3752
812		3684
813		3685
814		3660
815		3673
816		3670
817		3696
818		3725
819		3563
820		3522
821		3668
822		3564
823		3601
824		3557
825		3521
826		3628
827		3544
828		3528
829		3631
830		3382
831		3364
832		3499
833		3534
834		3410
835		3492
836		3467
837		3446
838		3463
839		3494
840		3341
841		3464
842		3415
843		3514
844		3393
845		3369
846		3334
847		3255
848		3308
849		3343
850		3273
851		3385
852		3289
853		3302
854		3259
855		3227
856		3199
857		3257
858		3252
859		3261
860		3177
861		3235
862		3199
863		3177
864		3206
865		3129
866		3157
867		3161
868		3084
869		3159
870		3015
871		3032
872		3004
873		3172
874		2966
875		3045
876		3114
877		3049
878		3126
879		2961
880		3111
881		3073
882		3045
883		3069
884		2967
885		3047
886		2988
887		3078
888		3067
889		3042
890		2982
891		3025
892		2970
893		2941
894		2922
895		2921
896		3026
897		2955
898		2985
899		2925
900		2948
901		2811
902		2847
903		2885
904		2917
905		2927
906		2880
907		2979
908		2857
909		2875
910		2879
911		2788
912		2843
913		2799
914		2808
915		2841
916		2724
917		2823
918		2784
919		2747
920		2824
921		2795
922		2769
923		2896
924		2698
925		2790
926		2727
927		2770
928		2736
929		2790
930		2776
931		2764
932		2771
933		2752
934		2706
935		2619
936		2680
937		2821
938		2759
939		2753
940		2707
941		2655
942		2638
943		2731
944		2628
945		2683
946		2588
947		2652
948		2713
949		2709
950		2551
951		2551
952		2632
953		2652
954		2526
955		2647
956		2548
957		2563
958		2487
959		2464
960		2589
961		2543
962		2567
963		2564
964		2522
965		2516
966		2463
967		2515
968		2565
969		2400
970		2470
971		2542
972		2576
973		2517
974		2410
975		2423
976		2379
977		2388
978		2392
979		2389
980		2460
981		2377
982		2351
983		2400
984		2328
985		2393
986		2407
987		2317
988		2470
989		2232
990		2406
991		2282
992		2340
993		2318
994		2270
995		2337
996		2263
997		2371
998		2296
999		2256
1000		2223
1001		2180
1002		2222
1003		2256
1004		2223
1005		2167
1006		2179
1007		2176
1008		2165
1009		2097
1010		2242
1011		2186
1012		2116
1013		2161
1014		2114
1015		2030
1016		2110
1017		2168
1018		2196
1019		2111
1020		2045
1021		2135
1022		2068
1023		2141
1024		2109
1025		2135
1026		2007
1027		2070
1028		2081
1029		2010
1030		1971
1031		1985
1032		1983
1033		2027
1034		1975
1035		1925
1036		1956
1037		1953
1038		1954
1039		1959
1040		1942
1041		1915
1042		1931
1043		1920
1044		1920
1045		1893
1046		1925
1047		1848
1048		1876
1049		1927
1050		1921
1051		1898
1052		1950
1053		1800
1054		2005
1055		1845
1056		1904
1057		1810
1058		1837
1059		1817
1060		1838
1061		1834
1062		1815
1063		1831
1064		1810
1065		1810
1066		1807
1067		1844
1068		1824
1069		1758
1070		1767
1071		1743
1072		1736
1073		1775
1074		1752
1075		1710
1076		1717
1077		1761
1078		1800
1079		1662
1080		1725
1081		1718
1082		1828
1083		1781
1084		1664
1085		1683
1086		1647
1087		1724
1088		1764
1089		1624
1090		1667
1091		1688
1092		1650
1093		1754
1094		1654
1095		1688
1096		1667
1097		1695
1098		1725
1099		1650
1100		1642
1101		1640
1102		1594
1103		1568
1104		1616
1105		1646
1106		1624
1107		1558
1108		1636
1109		1574
1110		1609
1111		1621
1112		1602
1113		1588
1114		1621
1115		1581
1116		1563
1117		1554
1118		1524
1119		1552
1120		1533
1121		1545
1122		1538
1123		1555
1124		1614
1125		1551
1126		1591
1127		1596
1128		1517
1129		1528
1130		1435
1131		1544
1132		1513
1133		1552
1134		1498
1135		1458
1136		1500
1137		1520
1138		1527
1139		1541
1140		1490
1141		1548
1142		1524
1143		1429
1144		1396
1145		1561
1146		1459
1147		1460
1148		1523
1149		1415
1150		1499
1151		1396
1152		1465
1153		1469
1154		1425
1155		1505
1156		1439
1157		1438
1158		1500
1159		1513
1160		1476
1161		1483
1162		1385
1163		1459
1164		1418
1165		1406
1166		1385
1167		1323
1168		1434
1169		1457
1170		1357
1171		1414
1172		1414
1173		1499
1174		1377
1175		1364
1176		1390
1177		1423
1178		1388
1179		1402
1180		1408
1181		1368
1182		1392
1183		1430
1184		1367
1185		1312
1186		1349
1187		1333
1188		1335
1189		1358
1190		1320
1191		1334
1192		1352
1193		1357
1194		1353
1195		1410
1196		1328
1197		1355
1198		1386
1199		1303
1200		1332
1201		1312
1202		1259
1203		1254
1204		1280
1205		1317
1206		1327
1207		1250
1208		1290
1209		1351
1210		1230
1211		1300
1212		1277
1213		1340
1214		1237
1215		1388
1216		1352
1217		1319
1218		1305
1219		1339
1220		1320
1221		1300
1222		1314
1223		1342
1224		1256
1225		1300
1226		1293
1227		1311
1228		1272
1229		1307
1230		1329
1231		1201
1232		1327
1233		1289
1234		1288
1235		1222
1236		1267
1237		1295
1238		1243
1239		1190
1240		1248
1241		1283
1242		1174
1243		1240
1244		1253
1245		1207
1246		1231
1247		1287
1248		1263
1249		1254
1250		1184
1251		1194
1252		1228
1253		1266
1254		1193
1255		1230
1256		1186
1257		1181
1258		1218
1259		1236
1260		1208
1261		1165
1262		1210
1263		1272
1264		1197
1265		1192
1266		1264
1267		1225
1268		1167
1269		1209
1270		1175
1271		1269
1272		1255
1273		1195
1274		1184
1275		1145
1276		1187
1277		1196
1278		1141
1279		1163
1280		1201
1281		1192
1282		1172
1283		1195
1284		1161
1285		1164
1286		1195
1287		1181
1288		1192
1289		1199
1290		1154
1291		1202
1292		1202
1293		1156
1294		1238
1295		1131
1296		1165
1297		1180
1298		1197
1299		1160
1300		1129
1301		1173
1302		1170
1303		1090
1304		1173
1305		1234
1306		1155
1307		1116
1308		1164
1309		1145
1310		1136
1311		1116
1312		1180
1313		1208
1314		1211
1315		1174
1316		1178
1317		1225
1318		1155
1319		1150
1320		1164
1321		1117
1322		1103
1323		1135
1324		1151
1325		1132
1326		1150
1327		1177
1328		1159
1329		1152
1330		1105
1331		1149
1332		1137
1333		1148
1334		1170
1335		1148
1336		1100
1337		1188
1338		1135
1339		1115
1340		1087
1341		1167
1342		1134
1343		1114
1344		1082
1345		1127
1346		1078
1347		1140
1348		1144
1349		1104
1350		1078
1351		1155
1352		1188
1353		1176
1354		1097
1355		1132
1356		1133
1357		1093
1358		1092
1359		1062
1360		1091
1361		1108
1362		1114
1363		1050
1364		1098
1365		1057
1366		1124
1367		1133
1368		1091
1369		1069
1370		1119
1371		1065
1372		1030
1373		1072
1374		1030
1375		1048
1376		1130
1377		1067
1378		1049
1379		1079
1380		1095
1381		1066
1382		1050
1383		1097
1384		1082
1385		1034
1386		1092
1387		1027
1388		1011
1389		1069
1390		1119
1391		1062
1392		1105
1393		1111
1394		1069
1395		1058
1396		1059
1397		1067
1398		1026
1399		1036
1400		1027
1401		1053
1402		1058
1403		1056
1404		1049
1405		1086
1406		998
1407		999
1408		1059
1409		1046
1410		1032
1411		995
1412		1030
1413		1027
1414		1019
1415		1044
1416		1058
1417		1037
1418		1014
1419		1036
1420		948
1421		996
1422		1018
1423		970
1424		1003
1425		992
1426		1025
1427		995
1428		1044
1429		1009
1430		967
1431		992
1432		987
1433		957
1434		1010
1435		1020
1436		1028
1437		1033
1438		921
1439		979
1440		997
1441		990
1442		995
1443		903
1444		928
1445		1065
1446		951
1447		1072
1448		986
1449		986
1450		916
1451		942
1452		915
1453		989
1454		943
1455		950
1456		973
1457		946
1458		970
1459		956
1460		899
1461		919
1462		933
1463		941
1464		930
1465		947
1466		953
1467		961
1468		974
1469		1021
1470		967
1471		922
1472		958
1473		896
1474		920
1475		904
1476		945
1477		934
1478		939
1479		974
1480		944
1481		961
1482		955
1483		847
1484		945
1485		955
1486		900
1487		905
1488		910
1489		898
1490		921
1491		869
1492		874
1493		935
1494		901
1495		927
1496		917
1497		897
1498		913
1499		895
1500		903
1501		885
1502		925
1503		887
1504		910
1505		933
1506		986
1507		914
1508		925
1509		937
1510		923
1511		909
1512		973
1513		886
1514		929
1515		918
1516		906
1517		821
1518		893
1519		884
1520		938
1521		919
1522		945
1523		886
1524		863
1525		871
1526		921
1527		883
1528		873
1529		900
1530		932
1531		888
1532		888
1533		904
1534		972
1535		870
1536		956
1537		944
1538		910
1539		933
1540		883
1541		941
1542		892
1543		892
1544		956
1545		936
1546		868
1547		898
1548		903
1549		961
1550		960
1551		921
1552		904
1553		936
1554		893
1555		905
1556		852
1557		951
1558		943
1559		919
1560		935
1561		947
1562		919
1563		844
1564		928
1565		915
1566		929
1567		873
1568		902
1569		919
1570		912
1571		916
1572		885
1573		909
1574		886
1575		932
1576		892
1577		919
1578		953
1579		921
1580		891
1581		929
1582		944
1583		855
1584		941
1585		922
1586		890
1587		864
1588		898
1589		944
1590		884
1591		909
1592		897
1593		947
1594		859
1595		882
1596		906
1597		971
1598		912
1599		919
1600		968
1601		937
1602		941
1603		916
1604		913
1605		937
1606		859
1607		936
1608		965
1609		912
1610		896
1611		939
1612		895
1613		927
1614		916
1615		917
1616		892
1617		943
1618		869
1619		981
1620		929
1621		935
1622		926
1623		897
1624		895
1625		904
1626		877
1627		931
1628		866
1629		925
1630		892
1631		900
1632		905
1633		936
1634		867
1635		916
1636		896
1637		961
1638		872
1639		917
1640		927
1641		884
1642		890
1643		919
1644		882
1645		906
1646		875
1647		869
1648		944
1649		884
1650		875
1651		899
1652		891
1653		910
1654		881
1655		925
1656		894
1657		862
1658		879
1659		784
1660		895
1661		885
1662		866
1663		869
1664		857
1665		875
1666		808
1667		905
1668		874
1669		891
1670		853
1671		826
1672		868
1673		823
1674		871
1675		880
1676		818
1677		832
1678		831
1679		835
1680		870
1681		863
1682		848
1683		837
1684		883
1685		825
1686		832
1687		884
1688		827
1689		835
1690		817
1691		835
1692		813
1693		814
1694		823
1695		813
1696		831
1697		819
1698		814
1699		789
1700		784
1701		864
1702		799
1703		763
1704		829
1705		774
1706		807
1707		836
1708		805
1709		809
1710		769
1711		798
1712		795
1713		784
1714		812
1715		769
1716		798
1717		793
1718		739
1719		732
1720		760
1721		715
1722		690
1723		741
1724		713
1725		791
1726		783
1727		727
1728		717
1729		742
1730		699
1731		743
1732		730
1733		759
1734		732
1735		759
1736		685
1737		712
1738		739
1739		769
1740		729
1741		694
1742		664
1743		692
1744		704
1745		698
1746		687
1747		728
1748		717
1749		718
1750		746
1751		671
1752		668
1753		676
1754		694
1755		681
1756		655
1757		711
1758		674
1759		641
1760		667
1761		637
1762		738
1763		636
1764		697
1765		688
1766		640
1767		664
1768		656
1769		617
1770		670
1771		671
1772		673
1773		660
1774		691
1775		670
1776		664
1777		662
1778		678
1779		614
1780		631
1781		646
1782		664
1783		641
1784		639
1785		652
1786		628
1787		648
1788		681
1789		663
1790		629
1791		640
1792		598
1793		631
1794		640
1795		618
1796		651
1797		597
1798		676
1799		622
1800		633
1801		639
1802		636
1803		634
1804		609
1805		604
1806		657
1807		626
1808		642
1809		636
1810		609
1811		612
1812		617
1813		594
1814		595
1815		588
1816		613
1817		622
1818		632
1819		603
1820		627
1821		632
1822		605
1823		628
1824		575
1825		609
1826		596
1827		532
1828		645
1829		621
1830		598
1831		585
1832		568
1833		557
1834		671
1835		650
1836		609
1837		562
1838		565
1839		592
1840		562
1841		628
1842		538
1843		612
1844		562
1845		586
1846		582
1847		608
1848		608
1849		570
1850		564
1851		504
1852		579
1853		600
1854		575
1855		588
1856		562
1857		602
1858		576
1859		608
1860		581
1861		552
1862		576
1863		561
1864		544
1865		583
1866		566
1867		557
1868		587
1869		586
1870		565
1871		577
1872		555
1873		562
1874		559
1875		593
1876		526
1877		585
1878		556
1879		549
1880		559
1881		544
1882		541
1883		548
1884		560
1885		549
1886		542
1887		527
1888		584
1889		579
1890		583
1891		577
1892		539
1893		595
1894		554
1895		514
1896		515
1897		576
1898		583
1899		555
1900		572
1901		545
1902		558
1903		513
1904		573
1905		558
1906		511
1907		575
1908		541
1909		533
1910		541
1911		541
1912		537
1913		586
1914		501
1915		551
1916		543
1917		571
1918		541
1919		534
1920		561
1921		558
1922		533
1923		553
1924		519
1925		520
1926		569
1927		568
1928		481
1929		517
1930		532
1931		524
1932		534
1933		546
1934		519
1935		545
1936		499
1937		544
1938		549
1939		529
1940		548
1941		546
1942		517
1943		511
1944		514
1945		538
1946		520
1947		513
1948		528
1949		551
1950		504
1951		501
1952		518
1953		529
1954		567
1955		489
1956		518
1957		515
1958		518
1959		535
1960		496
1961		552
1962		547
1963		508
1964		515
1965		519
1966		515
1967		543
1968		540
1969		534
1970		516
1971		514
1972		512
1973		487
1974		479
1975		515
1976		507
1977		521
1978		519
1979		529
1980		518
1981		519
1982		518
1983		493
1984		496
1985		505
1986		497
1987		532
1988		476
1989		478
1990		513
1991		517
1992		530
1993		523
1994		511
1995		500
1996		509
1997		523
1998		459
1999		502
2000		486
2001		486
2002		508
2003		510
2004		539
2005		465
2006		517
2007		517
2008		513
2009		485
2010		503
2011		535
2012		478
2013		525
2014		472
2015		482
2016		484
2017		501
2018		503
2019		496
2020		527
2021		467
2022		526
2023		553
2024		494
2025		500
2026		507
2027		534
2028		507
2029		495
2030		556
2031		493
2032		449
2033		495
2034		513
2035		468
2036		499
2037		506
2038		471
2039		487
2040		480
2041		465
2042		481
2043		516
2044		505
2045		502
2046		466
2047		487
2048		538
2049		487
2050		494
2051		460
2052		503
2053		485
2054		470
2055		528
2056		463
2057		497
2058		483
2059		507
2060		455
2061		520
2062		468
2063		462
2064		448
2065		457
2066		468
2067		452
2068		468
2069		471
2070		454
2071		473
2072		456
2073		457
2074		486
2075		482
2076		482
2077		473
2078		470
2079		466
2080		464
2081		504
2082		482
2083		481
2084		464
2085		466
2086		459
2087		453
2088		477
2089		477
2090		441
2091		498
2092		443
2093		471
2094		504
2095		461
2096		439
2097		453
2098		481
2099		443
2100		453
2101		494
2102		452
2103		463
2104		394
2105		470
2106		439
2107		448
2108		457
2109		479
2110		467
2111		483
2112		437
2113		481
2114		463
2115		472
2116		483
2117		442
2118		444
2119		444
2120		429
2121		488
2122		468
2123		457
2124		441
2125		458
2126		468
2127		437
2128		455
2129		459
2130		443
2131		443
2132		418
2133		419
2134		428
2135		422
2136		441
2137		448
2138		468
2139		431
2140		475
2141		467
2142		431
2143		400
2144		487
2145		431
2146		482
2147		423
2148		467
2149		447
2150		418
2151		427
2152		452
2153		470
2154		433
2155		445
2156		411
2157		448
2158		435
2159		431
2160		483
2161		429
2162		403
2163		420
2164		434
2165		443
2166		452
2167		439
2168		400
2169		424
2170		419
2171		430
2172		432
2173		454
2174		457
2175		453
2176		412
2177		422
2178		481
2179		410
2180		440
2181		437
2182		408
2183		481
2184		431
2185		441
2186		437
2187		468
2188		373
2189		428
2190		390
2191		451
2192		397
2193		442
2194		438
2195		458
2196		398
2197		424
2198		426
2199		435
2200		419
2201		456
2202		390
2203		441
2204		418
2205		408
2206		411
2207		402
2208		388
2209		436
2210		414
2211		441
2212		441
2213		418
2214		413
2215		446
2216		407
2217		429
2218		421
2219		409
2220		386
2221		449
2222		406
2223		408
2224		454
2225		416
2226		435
2227		441
2228		425
2229		414
2230		402
2231		403
2232		453
2233		436
2234		383
2235		453
2236		401
2237		353
2238		407
2239		373
2240		417
2241		431
2242		396
2243		364
2244		410
2245		392
2246		419
2247		373
2248		415
2249		375
2250		437
2251		405
2252		420
2253		396
2254		402
2255		425
2256		409
2257		397
2258		386
2259		408
2260		384
2261		438
2262		435
2263		393
2264		402
2265		425
2266		417
2267		356
2268		431
2269		404
2270		412
2271		368
2272		409
2273		397
2274		433
2275		367
2276		412
2277		442
2278		403
2279		396
2280		403
2281		400
2282		394
2283		420
2284		409
2285		380
2286		387
2287		388
2288		412
2289		398
2290		423
2291		423
2292		389
2293		376
2294		400
2295		425
2296		430
2297		369
2298		388
2299		388
2300		377
2301		375
2302		402
2303		393
2304		399
2305		420
2306		417
2307		393
2308		369
2309		404
2310		401
2311		415
2312		400
2313		398
2314		360
2315		447
2316		409
2317		385
2318		408
2319		374
2320		401
2321		388
2322		417
2323		410
2324		401
2325		412
2326		393
2327		372
2328		395
2329		433
2330		416
2331		414
2332		402
2333		427
2334		375
2335		396
2336		397
2337		430
2338		394
2339		419
2340		397
2341		410
2342		388
2343		410
2344		346
2345		416
2346		346
2347		402
2348		405
2349		400
2350		388
2351		344
2352		389
2353		414
2354		419
2355		369
2356		404
2357		409
2358		347
2359		397
2360		374
2361		383
2362		369
2363		370
2364		382
2365		391
2366		399
2367		405
2368		421
2369		404
2370		397
2371		378
2372		438
2373		411
2374		402
2375		376
2376		418
2377		383
2378		381
2379		402
2380		363
2381		397
2382		411
2383		369
2384		420
2385		407
2386		405
2387		396
2388		387
2389		383
2390		423
2391		431
2392		385
2393		367
2394		395
2395		381
2396		401
2397		392
2398		418
2399		384
2400		397
2401		412
2402		375
2403		420
2404		379
2405		383
2406		374
2407		418
2408		392
2409		402
2410		416
2411		411
2412		409
2413		400
2414		396
2415		405
2416		410
2417		384
2418		395
2419		399
2420		357
2421		425
2422		382
2423		389
2424		394
2425		378
2426		403
2427		406
2428		423
2429		408
2430		381
2431		384
2432		402
2433		405
2434		374
2435		454
2436		398
2437		416
2438		371
2439		402
2440		374
2441		380
2442		379
2443		364
2444		377
2445		407
2446		346
2447		407
2448		384
2449		401
2450		392
2451		391
2452		373
2453		378
2454		408
2455		399
2456		388
2457		397
2458		412
2459		390
2460		406
2461		370
2462		426
2463		380
2464		379
2465		403
2466		373
2467		367
2468		371
2469		373
2470		402
2471		402
2472		417
2473		426
2474		405
2475		373
2476		417
2477		367
2478		398
2479		363
2480		388
2481		395
2482		383
2483		374
2484		405
2485		405
2486		418
2487		363
2488		435
2489		409
2490		400
2491		418
2492		387
2493		367
2494		423
2495		390
2496		357
2497		362
2498		399
2499		402
2500		389
2501		415
2502		383
2503		376
2504		377
2505		404
2506		374
2507		391
2508		377
2509		392
2510		370
2511		365
2512		388
2513		398
2514		374
2515		372
2516		372
2517		370
2518		390
2519		384
2520		359
2521		370
2522		371
2523		397
2524		389
2525		369
2526		381
2527		336
2528		392
2529		411
2530		422
2531		359
2532		367
2533		383
2534		355
2535		368
2536		330
2537		399
2538		395
2539		392
2540		374
2541		356
2542		399
2543		388
2544		365
2545		392
2546		392
2547		384
2548		386
2549		397
2550		367
2551		395
2552		359
2553		345
2554		394
2555		374
2556		393
2557		365
2558		386
2559		363
2560		399
2561		357
2562		358
2563		382
2564		426
2565		381
2566		408
2567		367
2568		388
2569		380
2570		353
2571		352
2572		357
2573		395
2574		336
2575		372
2576		365
2577		339
2578		372
2579		317
2580		362
2581		331
2582		336
2583		375
2584		365
2585		346
2586		367
2587		350
2588		340
2589		327
2590		362
2591		344
2592		375
2593		366
2594		350
2595		315
2596		366
2597		359
2598		353
2599		322
2600		388
2601		347
2602		348
2603		369
2604		354
2605		320
2606		378
2607		355
2608		361
2609		343
2610		348
2611		324
2612		318
2613		360
2614		350
2615		355
2616		356
2617		355
2618		314
2619		334
2620		340
2621		338
2622		334
2623		340
2624		304
2625		343
2626		328
2627		357
2628		328
2629		325
2630		321
2631		329
2632		352
2633		348
2634		376
2635		309
2636		322
2637		295
2638		323
2639		319
2640		322
2641		341
2642		295
2643		348
2644		339
2645		341
2646		296
2647		326
2648		374
2649		316
2650		295
2651		332
2652		321
2653		294
2654		354
2655		308
2656		325
2657		313
2658		335
2659		321
2660		322
2661		322
2662		315
2663		277
2664		322
2665		303
2666		325
2667		345
2668		326
2669		295
2670		309
2671		306
2672		345
2673		317
2674		279
2675		346
2676		317
2677		326
2678		321
2679		340
2680		353
2681		336
2682		347
2683		282
2684		321
2685		299
2686		280
2687		290
2688		283
2689		322
2690		314
2691		354
2692		302
2693		298
2694		299
2695		302
2696		277
2697		319
2698		283
2699		317
2700		318
2701		292
2702		288
2703		294
2704		343
2705		287
2706		306
2707		254
2708		298
2709		307
2710		310
2711		336
2712		307
2713		292
2714		279
2715		321
2716		289
2717		302
2718		287
2719		285
2720		271
2721		312
2722		291
2723		296
2724		301
2725		292
2726		310
2727		272
2728		275
2729		321
2730		295
2731		325
2732		294
2733		321
2734		283
2735		290
2736		288
2737		315
2738		274
2739		289
2740		286
2741		302
2742		319
2743		292
2744		281
2745		272
2746		284
2747		273
2748		296
2749		309
2750		321
2751		275
2752		288
2753		265
2754		299
2755		304
2756		282
2757		281
2758		287
2759		308
2760		292
2761		301
2762		292
2763		306
2764		293
2765		271
2766		273
2767		270
2768		304
2769		294
2770		290
2771		305
2772		285
2773		270
2774		329
2775		286
2776		300
2777		313
2778		317
2779		307
2780		298
2781		296
2782		294
2783		277
2784		291
2785		244
2786		282
2787		312
2788		266
2789		276
2790		286
2791		279
2792		289
2793		258
2794		294
2795		281
2796		310
2797		284
2798		263
2799		249
2800		301
2801		261
2802		284
2803		327
2804		263
2805		294
2806		290
2807		308
2808		287
2809		269
2810		284
2811		307
2812		310
2813		281
2814		251
2815		288
2816		296
2817		297
2818		296
2819		266
2820		292
2821		329
2822		302
2823		284
2824		270
2825		276
2826		336
2827		301
2828		293
2829		284
2830		289
2831		270
2832		257
2833		298
2834		321
2835		291
2836		285
2837		286
2838		292
2839		277
2840		310
2841		305
2842		298
2843		321
2844		318
2845		300
2846		282
2847		298
2848		308
2849		302
2850		245
2851		304
2852		275
2853		306
2854		266
2855		294
2856		287
2857		319
2858		316
2859		276
2860		290
2861		274
2862		298
2863		314
2864		270
2865		286
2866		299
2867		276
2868		283
2869		275
2870		298
2871		306
2872		302
2873		294
2874		284
2875		298
2876		278
2877		319
2878		308
2879		300
2880		290
2881		269
2882		259
2883		296
2884		291
2885		283
2886		286
2887		254
2888		264
2889		276
2890		308
2891		309
2892		353
2893		296
2894		303
2895		290
2896		292
2897		296
2898		282
2899		293
2900		281
2901		332
2902		326
2903		300
2904		299
2905		283
2906		288
2907		305
2908		306
2909		295
2910		273
2911		281
2912		328
2913		280
2914		305
2915		322
2916		310
2917		274
2918		293
2919		296
2920		287
2921		258
2922		294
2923		311
2924		311
2925		307
2926		309
2927		291
2928		270
2929		329
2930		310
2931		289
2932		301
2933		295
2934		303
2935		326
2936		295
2937		328
2938		293
2939		280
2940		295
2941		272
2942		294
2943		282
2944		292
2945		308
2946		305
2947		283
2948		282
2949		295
2950		336
2951		286
2952		312
2953		290
2954		283
2955		334
2956		283
2957		307
2958		350
2959		296
2960		304
2961		292
2962		306
2963		298
2964		329
2965		329
2966		273
2967		280
2968		260
2969		289
2970		301
2971		285
2972		289
2973		295
2974		299
2975		289
2976		310
2977		283
2978		288
2979		321
2980		316
2981		281
2982		294
2983		343
2984		293
2985		300
2986		242
2987		271
2988		297
2989		310
2990		300
2991		306
2992		311
2993		288
2994		302
2995		274
2996		288
2997		296
2998		293
2999		307
3000		259
3001		287
3002		297
3003		282
3004		300
3005		302
3006		292
3007		281
3008		328
3009		290
3010		311
3011		304
3012		303
3013		292
3014		284
3015		273
3016		258
3017		292
3018		283
3019		315
3020		309
3021		275
3022		271
3023		274
3024		264
3025		310
3026		312
3027		285
3028		297
3029		311
3030		314
3031		293
3032		298
3033		290
3034		274
3035		278
3036		303
3037		273
3038		310
3039		275
3040		278
3041		295
3042		278
3043		279
3044		279
3045		301
3046		276
3047		276
3048		282
3049		284
3050		289
3051		280
3052		279
3053		265
3054		245
3055		283
3056		267
3057		264
3058		305
3059		270
3060		302
3061		290
3062		273
3063		283
3064		283
3065		299
3066		278
3067		258
3068		284
3069		276
3070		271
3071		259
3072		279
3073		271
3074		261
3075		277
3076		262
3077		274
3078		271
3079		279
3080		258
3081		299
3082		258
3083		265
3084		289
3085		273
3086		261
3087		260
3088		279
3089		286
3090		275
3091		242
3092		265
3093		270
3094		295
3095		276
3096		267
3097		225
3098		290
3099		282
3100		242
3101		289
3102		273
3103		266
3104		244
3105		280
3106		260
3107		260
3108		287
3109		265
3110		245
3111		245
3112		261
3113		274
3114		281
3115		276
3116		291
3117		289
3118		270
3119		258
3120		308
3121		287
3122		266
3123		254
3124		279
3125		281
3126		270
3127		257
3128		283
3129		258
3130		245
3131		264
3132		243
3133		245
3134		252
3135		245
3136		247
3137		273
3138		291
3139		265
3140		227
3141		228
3142		268
3143		258
3144		255
3145		251
3146		276
3147		254
3148		220
3149		279
3150		257
3151		247
3152		250
3153		270
3154		239
3155		262
3156		247
3157		239
3158		257
3159		254
3160		220
3161		267
3162		235
3163		251
3164		250
3165		242
3166		255
3167		229
3168		267
3169		256
3170		253
3171		259
3172		226
3173		214
3174		243
3175		225
3176		252
3177		248
3178		245
3179		241
3180		252
3181		216
3182		264
3183		240
3184		237
3185		225
3186		270
3187		239
3188		252
3189		242
3190		242
3191		248
3192		241
3193		229
3194		236
3195		239
3196		243
3197		219
3198		238
3199		236
3200		252
3201		251
3202		248
3203		238
3204		236
3205		233
3206		232
3207		231
3208		225
3209		219
3210		218
3211		222
3212		226
3213		203
3214		227
3215		200
3216		223
3217		224
3218		233
3219		252
3220		246
3221		213
3222		231
3223		235
3224		224
3225		217
3226		219
3227		226
3228		223
3229		208
3230		203
3231		228
3232		223
3233		230
3234		233
3235		239
3236		211
3237		215
3238		211
3239		221
3240		207
3241		213
3242		215
3243		184
3244		240
3245		199
3246		210
3247		233
3248		225
3249		229
3250		206
3251		228
3252		196
3253		207
3254		210
3255		216
3256		189
3257		212
3258		219
3259		190
3260		226
3261		210
3262		191
3263		233
3264		215
3265		205
3266		207
3267		202
3268		228
3269		215
3270		215
3271		220
3272		211
3273		196
3274		225
3275		217
3276		211
3277		188
3278		202
3279		206
3280		200
3281		204
3282		223
3283		221
3284		165
3285		195
3286		190
3287		211
3288		177
3289		219
3290		205
3291		195
3292		219
3293		202
3294		197
3295		186
3296		213
3297		191
3298		197
3299		211
3300		205
3301		179
3302		182
3303		184
3304		192
3305		187
3306		182
3307		197
3308		170
3309		184
3310		179
3311		195
3312		209
3313		201
3314		184
3315		186
3316		178
3317		182
3318		191
3319		162
3320		207
3321		173
3322		184
3323		183
3324		185
3325		176
3326		180
3327		187
3328		166
3329		185
3330		187
3331		171
3332		184
3333		179
3334		197
3335		164
3336		177
3337		171
3338		172
3339		175
3340		203
3341		198
3342		190
3343		172
3344		195
3345		197
3346		216
3347		190
3348		176
3349		219
3350		181
3351		196
3352		148
3353		166
3354		207
3355		184
3356		183
3357		175
3358		183
3359		176
3360		166
3361		194
3362		156
3363		156
3364		163
3365		168
3366		176
3367		169
3368		191
3369		175
3370		193
3371		163
3372		179
3373		166
3374		183
3375		169
3376		164
3377		163
3378		175
3379		175
3380		159
3381		179
3382		167
3383		179
3384		169
3385		160
3386		153
3387		162
3388		175
3389		152
3390		156
3391		162
3392		168
3393		158
3394		175
3395		144
3396		180
3397		166
3398		134
3399		155
3400		171
3401		161
3402		168
3403		150
3404		148
3405		153
3406		163
3407		151
3408		162
3409		139
3410		193
3411		148
3412		158
3413		177
3414		174
3415		169
3416		170
3417		138
3418		156
3419		145
3420		152
3421		154
3422		159
3423		163
3424		160
3425		148
3426		141
3427		146
3428		147
3429		157
3430		146
3431		160
3432		176
3433		151
3434		151
3435		156
3436		147
3437		154
3438		157
3439		135
3440		163
3441		163
3442		120
3443		139
3444		158
3445		171
3446		133
3447		139
3448		152
3449		160
3450		143
3451		155
3452		184
3453		174
3454		159
3455		145
3456		139
3457		160
3458		167
3459		166
3460		144
3461		162
3462		147
3463		145
3464		137
3465		168
3466		162
3467		130
3468		148
3469		156
3470		162
3471		139
3472		145
3473		142
3474		148
3475		144
3476		157
3477		157
3478		155
3479		155
3480		163
3481		197
3482		139
3483		158
3484		122
3485		175
3486		131
3487		143
3488		160
3489		137
3490		152
3491		158
3492		116
3493		142
3494		160
3495		122
3496		165
3497		126
3498		139
3499		161
3500		165
3501		136
3502		154
3503		144
3504		130
3505		151
3506		140
3507		124
3508		144
3509		164
3510		129
3511		160
3512		156
3513		131
3514		140
3515		158
3516		138
3517		156
3518		154
3519		145
3520		138
3521		151
3522		149
3523		139
3524		147
3525		140
3526		148
3527		123
3528		166
3529		130
3530		138
3531		129
3532		127
3533		148
3534		166
3535		138
3536		157
3537		135
3538		144
3539		132
3540		149
3541		143
3542		146
3543		151
3544		178
3545		161
3546		145
3547		157
3548		157
3549		155
3550		162
3551		145
3552		152
3553		155
3554		136
3555		163
3556		174
3557		175
3558		166
3559		161
3560		157
3561		159
3562		151
3563		157
3564		147
3565		144
3566		146
3567		141
3568		150
3569		164
3570		159
3571		142
3572		146
3573		156
3574		155
3575		162
3576		161
3577		147
3578		147
3579		165
3580		178
3581		150
3582		153
3583		164
3584		160
3585		154
3586		164
3587		174
3588		162
3589		168
3590		141
3591		153
3592		180
3593		167
3594		183
3595		156
3596		172
3597		160
3598		144
3599		158
3600		155
3601		200
3602		174
3603		175
3604		173
3605		165
3606		155
3607		140
3608		152
3609		155
3610		155
3611		186
3612		169
3613		166
3614		153
3615		156
3616		157
3617		163
3618		184
3619		181
3620		156
3621		187
3622		152
3623		177
3624		157
3625		168
3626		172
3627		168
3628		180
3629		185
3630		187
3631		181
3632		182
3633		179
3634		165
3635		166
3636		193
3637		190
3638		180
3639		205
3640		186
3641		193
3642		186
3643		184
3644		195
3645		188
3646		181
3647		195
3648		192
3649		185
3650		173
3651		197
3652		175
3653		226
3654		203
3655		188
3656		192
3657		198
3658		187
3659		196
3660		205
3661		188
3662		188
3663		212
3664		212
3665		196
3666		217
3667		208
3668		221
3669		215
3670		232
3671		215
3672		208
3673		210
3674		190
3675		202
3676		204
3677		218
3678		185
3679		228
3680		222
3681		199
3682		194
3683		199
3684		191
3685		230
3686		239
3687		200
3688		207
3689		202
3690		237
3691		210
3692		202
3693		220
3694		211
3695		229
3696		244
3697		246
3698		233
3699		201
3700		212
3701		259
3702		267
3703		224
3704		227
3705		224
3706		226
3707		226
3708		275
3709		250
3710		263
3711		248
3712		262
3713		203
3714		227
3715		247
3716		245
3717		255
3718		274
3719		242
3720		233
3721		266
3722		221
3723		260
3724		257
3725		264
3726		258
3727		238
3728		270
3729		256
3730		293
3731		257
3732		257
3733		282
3734		262
3735		248
3736		277
3737		284
3738		259
3739		235
3740		274
3741		269
3742		286
3743		275
3744		281
3745		256
3746		300
3747		248
3748		278
3749		273
3750		278
3751		293
3752		297
3753		280
3754		292
3755		294
3756		291
3757		275
3758		305
3759		280
3760		290
3761		276
3762		314
3763		304
3764		286
3765		270
3766		289
3767		282
3768		290
3769		292
3770		304
3771		260
3772		298
3773		262
3774		287
3775		284
3776		306
3777		346
3778		298
3779		280
3780		324
3781		279
3782		292
3783		288
3784		315
3785		288
3786		308
3787		332
3788		332
3789		315
3790		308
3791		303
3792		306
3793		279
3794		310
3795		349
3796		306
3797		302
3798		299
3799		309
3800		313
3801		340
3802		316
3803		274
3804		306
3805		300
3806		321
3807		311
3808		296
3809		320
3810		316
3811		316
3812		318
3813		322
3814		313
3815		330
3816		330
3817		304
3818		308
3819		290
3820		297
3821		305
3822		317
3823		314
3824		307
3825		308
3826		307
3827		311
3828		335
3829		321
3830		308
3831		285
3832		312
3833		306
3834		294
3835		320
3836		306
3837		297
3838		331
3839		338
3840		318
3841		343
3842		337
3843		304
3844		334
3845		323
3846		281
3847		292
3848		303
3849		301
3850		309
3851		304
3852		341
3853		294
3854		311
3855		308
3856		320
3857		329
3858		320
3859		281
3860		299
3861		330
3862		323
3863		303
3864		325
3865		319
3866		302
3867		275
3868		307
3869		284
3870		284
3871		282
3872		325
3873		322
3874		299
3875		266
3876		293
3877		320
3878		274
3879		280
3880		312
3881		338
3882		303
3883		286
3884		305
3885		261
3886		284
3887		293
3888		299
3889		263
3890		266
3891		281
3892		311
3893		282
3894		309
3895		287
3896		265
3897		327
3898		312
3899		270
3900		290
3901		241
3902		300
3903		258
3904		292
3905		298
3906		308
3907		270
3908		248
3909		293
3910		267
3911		268
3912		285
3913		271
3914		267
3915		261
3916		282
3917		272
3918		259
3919		248
3920		260
3921		251
3922		284
3923		268
3924		276
3925		253
3926		258
3927		253
3928		242
3929		273
3930		263
3931		264
3932		255
3933		228
3934		273
3935		231
3936		250
3937		267
3938		264
3939		271
3940		227
3941		257
3942		247
3943		241
3944		251
3945		212
3946		223
3947		255
3948		203
3949		242
3950		214
3951		203
3952		205
3953		228
3954		224
3955		209
3956		210
3957		224
3958		206
3959		235
3960		227
3961		196
3962		232
3963		217
3964		213
3965		210
3966		212
3967		192
3968		241
3969		208
3970		215
3971		211
3972		205
3973		210
3974		200
3975		204
3976		195
3977		207
3978		209
3979		188
3980		202
3981		197
3982		185
3983		190
3984		203
3985		211
3986		215
3987		198
3988		189
3989		192
3990		194
3991		200
3992		169
3993		182
3994		189
3995		176
3996		187
3997		215
3998		172
3999		174
4000		155
4001		170
4002		155
4003		197
4004		164
4005		169
4006		190
4007		194
4008		163
4009		167
4010		176
4011		155
4012		163
4013		167
4014		176
4015		144
4016		177
4017		164
4018		169
4019		142
4020		140
4021		165
4022		165
4023		159
4024		159
4025		157
4026		147
4027		140
4028		156
4029		148
4030		153
4031		135
4032		125
4033		136
4034		132
4035		144
4036		143
4037		129
4038		143
4039		136
4040		156
4041		152
4042		154
4043		147
4044		132
4045		143
4046		150
4047		145
4048		130
4049		129
4050		139
4051		113
4052		136
4053		133
4054		126
4055		147
4056		126
4057		129
4058		131
4059		126
4060		144
4061		123
4062		119
4063		118
4064		106
4065		110
4066		130
4067		111
4068		104
4069		116
4070		123
4071		115
4072		118
4073		88
4074		101
4075		103
4076		111
4077		115
4078		111
4079		119
4080		119
4081		108
4082		117
4083		104
4084		91
4085		130
4086		107
4087		104
4088		130
4089		104
4090		103
4091		103
4092		93
4093		106
4094		93
4095		93
